-62.3025 -1572.95 407.336 
0.116011 0.923248 -0.366273 
0 0 1 
-56.7881 -1150.93 208.533 
-0.55041 0.804532 -0.223106 
0 0 1 
-44.5868 -1142.36 207.036 
0.828619 0.53205 -0.174108 
0 0 1 
-364.363 -854.074 250.284 
0.493941 -0.661212 -0.564643 
0 0 1 
-258.411 -724.827 208.189 
0.328311 -0.92344 -0.198669 
0 0 1 
-215.424 -1116.34 211.251 
0.840304 0.454485 -0.29552 
0 0 1 
223.508 -1206.29 165.455 
-0.0973172 0.969924 -0.223107 
0 0 1 
277.166 -1201.09 209.485 
-0.211427 0.923764 -0.319309 
0 0 1 
256.547 -1158.81 206.592 
-0.124052 0.987241 -0.0998335 
0 0 1 
